6.96
6.30
14.86
17.69
12.76
13.22
13.38
7.39
6.99
5.85
14.36
9.97
19.66
5.44
6.47
17.96
18.89
17.74
15.90
5.61
4.01
4.37
11.53
15.01
4.73
8.89
18.89
5.20
12.68
16.05
19.66
11.98
12.65
15.43
5.84
16.20
17.84
10.26
14.39
5.08
13.25
17.72
7.11
17.27
17.56
13.24
4.71
11.27
4.12
6.48
14.10
12.70
19.75
15.59
8.37
17.72
9.28
15.34
15.28
10.51
19.11
14.55
11.88
7.94
12.28
12.25
8.87
14.90
12.57
12.72
16.92
9.19
9.36
7.22
6.29
10.83
17.90
8.49
19.70
7.20
7.61
5.40
8.69
6.33
18.59
5.54
16.54
5.62
11.20
16.18
19.04
15.30
5.60
8.23
8.62
17.34
16.41
5.93
11.39
9.43
17.80
13.97
12.32
15.84
13.15
7.26
7.25
16.16
13.32
9.86
8.76
18.43
9.31
6.27
13.93
19.97
6.90
19.49
18.02
11.73
10.25
11.06
18.25
12.92
6.38
13.97
5.52
8.80
19.20
14.09
6.40
9.28
19.07
8.67
14.27
12.36
9.52
7.42
7.80
19.74
18.22
16.08
6.16
4.93
5.58
5.75
19.70
4.45
11.76
14.77
4.04
14.67
11.87
9.14
19.04
7.83
13.28
15.51
4.33
8.77
7.88
19.72
10.33
12.88
17.15
19.98
4.84
10.74
13.09
8.18
4.26
5.60
19.64
5.78
17.55
6.71
5.81
14.82
8.43
16.31
11.18
15.74
7.43
17.52
6.49
12.72
14.34
12.41
10.10
5.33
10.58
8.05
13.24
12.61
6.72
18.97
14.80
8.08
10.29
15.95
